# Created by Octave 3.8.1, Mon Jul 11 00:33:13 2016 PDT <lucas@hellyeah>
# name: data
# type: matrix
# rows: 1002
# columns: 4
 0 1 2 3
 0.75 0.1875 0.046875 0.015625
 0.08734893798828125 0.07967996597290039 0.1005029678344727 0.1144609451293945
 0.06625199317932129 0.08635592460632324 0.09018611907958984 0.1014230251312256
 0.06581783294677734 0.07820796966552734 0.1037211418151855 0.112307071685791
 0.0568230152130127 0.07181501388549805 0.09238910675048828 0.1050078868865967
 0.0517120361328125 0.08603620529174805 0.08642482757568359 0.1140069961547852
 0.05331897735595703 0.09119510650634766 0.08106398582458496 0.113865852355957
 0.0533909797668457 0.09319806098937988 0.1010031700134277 0.1121129989624023
 0.05447101593017578 0.07485580444335938 0.09096503257751465 0.1152689456939697
 0.05451011657714844 0.09255599975585938 0.106003999710083 0.1130411624908447
 0.05497312545776367 0.07865190505981445 0.1042900085449219 0.1131207942962646
 0.05452799797058105 0.07698988914489746 0.1024420261383057 0.1165871620178223
 0.06058907508850098 0.07148408889770508 0.1038999557495117 0.1145551204681396
 0.05516886711120605 0.09144496917724609 0.0929419994354248 0.118582010269165
 0.05336117744445801 0.07287907600402832 0.1093418598175049 0.1129639148712158
 0.05354905128479004 0.06875205039978027 0.1100070476531982 0.1149539947509766
 0.08167386054992676 0.08899712562561035 0.1054050922393799 0.113347053527832
 0.08377194404602051 0.08870315551757812 0.1051890850067139 0.1184499263763428
 0.07334399223327637 0.09319782257080078 0.09876489639282227 0.1031889915466309
 0.08455681800842285 0.0926520824432373 0.09008193016052246 0.1117680072784424
 0.07845711708068848 0.08072400093078613 0.08598613739013672 0.1136720180511475
 0.06929397583007812 0.07442212104797363 0.09798192977905273 0.1223139762878418
 0.06373190879821777 0.08898305892944336 0.1031990051269531 0.1138770580291748
 0.05870389938354492 0.09329414367675781 0.09824800491333008 0.1098051071166992
 0.05394101142883301 0.0956580638885498 0.09100914001464844 0.120398998260498
 0.05738997459411621 0.08993411064147949 0.09080004692077637 0.1135950088500977
 0.05523514747619629 0.07668685913085938 0.09906888008117676 0.1123549938201904
 0.07652902603149414 0.07222795486450195 0.1047871112823486 0.1160879135131836
 0.06498193740844727 0.0667572021484375 0.1033258438110352 0.1130359172821045
 0.05941200256347656 0.06627392768859863 0.1026639938354492 0.1167190074920654
 0.08085179328918457 0.06278705596923828 0.1061141490936279 0.114922046661377
 0.0707099437713623 0.06265497207641602 0.1057770252227783 0.1040129661560059
 0.07928800582885742 0.06269502639770508 0.1061339378356934 0.1047050952911377
 0.06809306144714355 0.07121086120605469 0.09946489334106445 0.1126611232757568
 0.05940890312194824 0.08661293983459473 0.09164190292358398 0.1184329986572266
 0.05408596992492676 0.08479905128479004 0.08301687240600586 0.1119399070739746
 0.05255985260009766 0.09344100952148438 0.1034469604492188 0.1140439510345459
 0.05402302742004395 0.07558107376098633 0.09859585762023926 0.1146819591522217
 0.05281496047973633 0.08594202995300293 0.1073310375213623 0.1149108409881592
 0.07751607894897461 0.07477211952209473 0.1025190353393555 0.09975790977478027
 0.08441996574401855 0.09215807914733887 0.1022789478302002 0.1122579574584961
 0.08459591865539551 0.09296584129333496 0.1055140495300293 0.1168789863586426
 0.06739020347595215 0.08936309814453125 0.1056380271911621 0.1036081314086914
 0.05992603302001953 0.09757876396179199 0.106644868850708 0.09769296646118164
 0.05388498306274414 0.09270501136779785 0.1044490337371826 0.1147170066833496
 0.05952191352844238 0.07917690277099609 0.1049149036407471 0.1177968978881836
 0.05570483207702637 0.09315299987792969 0.1052939891815186 0.105820894241333
 0.05189704895019531 0.07696104049682617 0.100999116897583 0.1037490367889404
 0.05241894721984863 0.0735630989074707 0.09407401084899902 0.113584041595459
 0.05365896224975586 0.06613707542419434 0.1043109893798828 0.1022179126739502
 0.05223393440246582 0.06439518928527832 0.1045658588409424 0.1174428462982178
 0.06948685646057129 0.09097719192504883 0.1012561321258545 0.1085200309753418
 0.06419706344604492 0.07312798500061035 0.103626012802124 0.1135749816894531
 0.07942914962768555 0.06762504577636719 0.09263396263122559 0.1108200550079346
 0.07346796989440918 0.09226608276367188 0.1033651828765869 0.1101329326629639
 0.08086705207824707 0.09528899192810059 0.09278202056884766 0.1122760772705078
 0.07541394233703613 0.09495782852172852 0.1024510860443115 0.1169190406799316
 0.08457589149475098 0.09484601020812988 0.1047229766845703 0.1146640777587891
 0.0745701789855957 0.0944218635559082 0.1058039665222168 0.1151249408721924
 0.06386685371398926 0.0935821533203125 0.1043539047241211 0.1143732070922852
 0.07884502410888672 0.09493303298950195 0.1026840209960938 0.1144659519195557
 0.07579398155212402 0.0975041389465332 0.1059830188751221 0.1138780117034912
 0.06290102005004883 0.09592795372009277 0.1074180603027344 0.1148459911346436
 0.0581672191619873 0.08240699768066406 0.1031210422515869 0.112713098526001
 0.07616305351257324 0.08968710899353027 0.1063258647918701 0.1136119365692139
 0.08522987365722656 0.07221603393554688 0.1041150093078613 0.114171028137207
 0.06791520118713379 0.06714200973510742 0.08915996551513672 0.1063241958618164
 0.059722900390625 0.06364703178405762 0.1034090518951416 0.1015720367431641
 0.05624008178710938 0.08939194679260254 0.09122300148010254 0.1113181114196777
 0.05394887924194336 0.09280109405517578 0.09283089637756348 0.1029839515686035
 0.05674505233764648 0.0800778865814209 0.1036770343780518 0.1156699657440186
 0.06077694892883301 0.08901596069335938 0.09053993225097656 0.1130189895629883
 0.05545687675476074 0.09098505973815918 0.1072661876678467 0.11301589012146
 0.05216693878173828 0.08683490753173828 0.1077988147735596 0.1194479465484619
 0.06803989410400391 0.07777094841003418 0.1070799827575684 0.1131091117858887
 0.08185911178588867 0.09572982788085938 0.1046569347381592 0.1144950389862061
 0.0684959888458252 0.0932469367980957 0.08893990516662598 0.1129097938537598
 0.08265519142150879 0.09581995010375977 0.1016471385955811 0.1152989864349365
 0.08679294586181641 0.09244799613952637 0.1033101081848145 0.1203949451446533
 0.07293200492858887 0.09753894805908203 0.1045701503753662 0.1154170036315918
 0.06623101234436035 0.08136487007141113 0.09216403961181641 0.1118850708007812
 0.05780816078186035 0.09299397468566895 0.0899040699005127 0.1145939826965332
 0.05332207679748535 0.07806110382080078 0.1026909351348877 0.1199328899383545
 0.05427002906799316 0.09286117553710938 0.1020469665527344 0.1130831241607666
 0.06332206726074219 0.09345197677612305 0.1036670207977295 0.1119790077209473
 0.05380082130432129 0.09577083587646484 0.1022870540618896 0.1127591133117676
 0.07823920249938965 0.07767701148986816 0.08866500854492188 0.1163609027862549
 0.07940006256103516 0.07056403160095215 0.09966897964477539 0.1084799766540527
 0.06295680999755859 0.08950281143188477 0.1032509803771973 0.113814115524292
 0.06009101867675781 0.08120489120483398 0.08509492874145508 0.1164450645446777
 0.05447816848754883 0.09213709831237793 0.1038711071014404 0.1026508808135986
 0.05171108245849609 0.09974813461303711 0.09040713310241699 0.1148619651794434
 0.05368304252624512 0.09359884262084961 0.1037960052490234 0.1011559963226318
 0.07227301597595215 0.09236407279968262 0.09481406211853027 0.09699082374572754
 0.06435203552246094 0.07554292678833008 0.1053359508514404 0.1143789291381836
 0.08148503303527832 0.094512939453125 0.09084320068359375 0.1117839813232422
 0.06847000122070312 0.0803220272064209 0.08807802200317383 0.1085708141326904
 0.06184196472167969 0.07487702369689941 0.1012511253356934 0.1137480735778809
 0.05366992950439453 0.07051587104797363 0.1076498031616211 0.1134490966796875
 0.0529930591583252 0.06346702575683594 0.102672815322876 0.117711067199707
