# Created by Octave 3.8.1, Sun Jul 10 20:51:40 2016 PDT <lucas@hellyeah>
# name: data
# type: matrix
# rows: 102
# columns: 10
 1 2 3 4 5 6 7 8 9 10
 0.1 0.1 0.1 0.1 0.1 0.1 0.1 0.1 0.1 0.1
 0.3165709495544434 0.5467239856719971 0.7615369319915772 0.977644968032837 1.309103965759277 1.477889013290405 1.71155014038086 1.928382015228272 2.134869146347046 2.411564111709595
 0.2994699001312256 0.5402449607849121 0.8684240341186524 0.9902740001678467 1.279716014862061 1.458908033370972 1.749784135818482 1.921089029312134 2.206004905700683 2.446830987930298
 0.3776859760284424 0.6209198474884033 0.8137808799743653 0.9971158981323243 1.249711990356445 1.446680974960327 1.737938070297241 1.914266920089722 2.206808137893677 2.400631189346313
 0.3748089790344238 0.5318910121917725 0.7998372077941895 1.021906900405884 1.291341066360474 1.499773931503296 1.716231966018677 1.939862108230591 2.191562938690185 2.434755802154541
 0.3509759426116943 0.5653239727020264 0.8060501575469972 0.9897718906402588 1.228604078292847 1.446532917022705 1.717676067352295 1.938044166564941 2.203722047805786 2.37139892578125
 0.3414260864257812 0.5336579322814942 0.7751470565795899 1.001946020126343 1.234432935714722 1.509443950653076 1.753338003158569 1.971112108230591 2.164747047424316 2.410510778427124
 0.3549198627471924 0.5259419918060303 0.8070460319519044 1.01832799911499 1.243520021438599 1.512519788742066 1.746256017684937 1.949707126617432 2.149637031555176 2.447386026382446
 0.3946079730987549 0.5298410892486572 0.7919100284576417 1.044571924209595 1.215710878372192 1.491383028030396 1.706939125061035 1.944714164733887 2.176841068267823 2.425255060195923
 0.3582739353179932 0.5319050788879396 0.823339080810547 1.038816976547241 1.234460115432739 1.46413893699646 1.701660060882568 1.96751914024353 2.13148193359375 2.369914054870605
 0.3742520332336426 0.5951689720153809 0.7745729446411134 1.031147766113281 1.242768049240112 1.453267049789429 1.712024116516113 1.901577091217041 2.183599042892456 2.389993906021118
 0.3607508659362793 0.5724820137023926 0.7917359828948975 1.042839813232422 1.270483016967773 1.45256609916687 1.733530187606812 1.923827028274536 2.187920141220093 2.388877868652344
 0.3314899921417236 0.5810431480407715 0.773144817352295 1.029542016983032 1.291522026062012 1.479622793197632 1.728216075897217 1.908457851409912 2.186370897293091 2.422477960586548
 0.3037390232086182 0.5625080108642578 0.7667530536651612 1.008552122116089 1.273346900939941 1.469613981246948 1.730868005752564 1.921866989135742 2.19427900314331 2.412219047546387
 0.3306841373443604 0.5665668487548828 0.7713018417358399 0.999599027633667 1.256551027297974 1.449018907546997 1.727739953994751 1.943217134475708 2.151273059844971 2.423758029937744
 0.3004528999328613 0.6037920951843262 0.7622138023376466 1.012661027908325 1.270431041717529 1.501862001419068 1.70272388458252 1.971709108352661 2.17630295753479 2.410952091217041
 0.294994068145752 0.6142400741577148 0.763419008255005 1.018517065048218 1.269609928131104 1.508994054794312 1.701100015640259 1.963723993301392 2.16688494682312 2.354809045791626
 0.2975821018218994 0.5819169521331787 0.7619629859924317 1.007470893859863 1.241034984588623 1.483329963684082 1.698025131225586 1.958803033828735 2.174590873718262 2.411058187484741
 0.3630752086639404 0.5650259494781494 0.8160601615905763 1.038976001739502 1.235965967178345 1.4950279712677 1.703076028823853 1.945929145812988 2.190430927276611 2.411543130874634
 0.3233110427856445 0.5203689575195312 0.8168810367584229 1.027946043014526 1.23415207862854 1.493344020843506 1.677699947357178 1.920668935775757 2.187750148773194 2.394815921783447
 0.3471991539001466 0.5336429119110107 0.8092559337615968 0.9814689636230469 1.235139846801758 1.499293994903565 1.691443824768067 1.939202880859375 2.186393785476685 2.367485046386719
 0.3132669448852539 0.5527500152587891 0.8149970531463624 1.010886001586914 1.227544069290161 1.502445888519287 1.733133935928345 1.959488964080811 2.228117990493774 2.468188047409058
 0.3246101856231689 0.551202917098999 0.8126820087432862 1.029227066040039 1.277812004089355 1.47009391784668 1.720367097854614 1.973292207717896 2.122448968887329 2.389017820358276
 0.3067488193511963 0.5573159694671631 0.8279760837554933 1.105433988571167 1.265959978103638 1.474873018264771 1.7261559009552 1.970321035385132 2.16353611946106 2.442959070205688
 0.3406979560852051 0.534476900100708 0.8002949714660645 1.048356819152832 1.266608953475952 1.476233911514282 1.723719024658203 1.951561069488525 2.141408014297486 2.365031957626343
 0.3310701370239258 0.5482698917388916 0.755846118927002 1.029763031005859 1.311089992523193 1.464662027359009 1.673786783218384 1.971809959411621 2.137241172790527 2.407324075698853
 0.3470341682434082 0.5557872295379639 0.760076141357422 1.032419013977051 1.252063035964966 1.459932994842529 1.682837867736817 1.942234134674072 2.156868982315063 2.385277032852173
 0.3698219776153564 0.5346080303192139 0.7743650436401368 1.013368892669678 1.289721965789795 1.532368850708008 1.686839008331299 1.899962997436524 2.1838791847229 2.379765033721924
 0.3630489826202393 0.5713299751281739 0.7773428916931153 1.000536012649536 1.255706071853638 1.506454181671143 1.736687088012695 1.900240993499756 2.190043973922729 2.401134014129639
 0.3478159427642822 0.5630771160125732 0.8022650241851808 1.002343940734863 1.216583967208862 1.444317054748535 1.740399980545044 1.959747886657715 2.218562889099121 2.423121213912964
 0.3391470432281494 0.5585688591003418 0.7674261093139649 1.049234914779663 1.234663009643555 1.499765825271607 1.721571826934815 1.980404949188233 2.203079986572265 2.406182050704956
 0.3676080226898193 0.5841840744018555 0.7649301052093507 1.059162902832031 1.22653603553772 1.495363903045654 1.711017990112305 2.001089906692505 2.166496086120606 2.418426036834717
 0.3573519706726074 0.5943528652191162 0.7765120029449464 1.028169918060303 1.244693040847778 1.503532838821411 1.704712057113648 1.952827072143555 2.138078022003174 2.427119016647339
 0.354857873916626 0.5969540119171144 0.8273719310760499 1.030459213256836 1.211230993270874 1.463098955154419 1.736595058441162 1.934562063217163 2.168499994277954 2.408432960510254
 0.3563100814819336 0.5947700977325439 0.8196099758148194 1.075004863739014 1.231433868408203 1.442560863494873 1.742468976974487 1.958340978622437 2.17597393989563 2.37611722946167
 0.37140793800354 0.5893069744110107 0.789481019973755 1.059026050567627 1.276566028594971 1.522796106338501 1.714611196517944 1.944855785369873 2.123601007461548 2.414076089859009
 0.3148979663848877 0.6092490196228028 0.78517804145813 1.076834964752197 1.261545896530151 1.513763856887818 1.726146841049194 1.902951097488403 2.205659914016723 2.430089950561523
 0.3173169612884521 0.5473259925842285 0.8142400741577149 1.055698919296265 1.287180185317993 1.480018091201782 1.697226905822754 1.931510782241821 2.179606008529663 2.414858818054199
 0.315015983581543 0.5174800395965576 0.8284669876098634 1.054995107650757 1.271548986434937 1.486892890930176 1.758114957809448 1.9801109790802 2.147496032714844 2.400024175643921
 0.2790400505065918 0.5531109809875489 0.8016730308532716 1.004335927963257 1.282094955444336 1.496954154968262 1.727222108840943 1.927363014221191 2.15086989402771 2.355785846710205
 0.3149711608886719 0.517130994796753 0.8085020542144776 1.001995134353638 1.276612043380737 1.487431955337525 1.718684101104736 1.936620807647705 2.190031099319458 2.388383865356445
 0.3166541576385498 0.5368222236633301 0.7738970279693604 0.9884889602661133 1.260908126831055 1.481335115432739 1.71710696220398 1.958881950378418 2.18645601272583 2.39660382270813
 0.2995650291442871 0.5681530475616455 0.7711430549621583 1.012081909179688 1.255789041519165 1.478587818145752 1.744012022018433 1.937029933929443 2.190579223632812 2.380306005477905
