# Created by Octave 3.8.1, Wed Jul 06 13:58:20 2016 PDT <lucas@drum>
# name: data
# type: matrix
# rows: 102
# columns: 10
 1 2 3 4 5 6 7 8 9 10
 0.1 0.1 0.1 0.1 0.1 0.1 0.1 0.1 0.1 0.1
 0.1165709495544434 0.1467239856719971 0.1615369319915771 0.1776449680328369 0.3091039657592773 0.2778890132904053 0.3115501403808594 0.3283820152282715 0.3348691463470459 0.4115641117095947
 0.09946990013122559 0.1402449607849121 0.2684240341186523 0.1902740001678467 0.2797160148620605 0.2589080333709717 0.3497841358184814 0.3210890293121338 0.4060049057006836 0.4468309879302979
 0.1776859760284424 0.2209198474884033 0.2137808799743652 0.1971158981323242 0.2497119903564453 0.2466809749603271 0.3379380702972412 0.3142669200897217 0.4068081378936768 0.4006311893463135
 0.1748089790344238 0.1318910121917725 0.1998372077941895 0.2219069004058838 0.2913410663604736 0.2997739315032959 0.3162319660186768 0.3398621082305908 0.3915629386901855 0.434755802154541
 0.1509759426116943 0.1653239727020264 0.2060501575469971 0.1897718906402588 0.2286040782928467 0.2465329170227051 0.3176760673522949 0.3380441665649414 0.4037220478057861 0.37139892578125
 0.1414260864257812 0.1336579322814941 0.1751470565795898 0.2019460201263428 0.2344329357147217 0.3094439506530762 0.3533380031585693 0.3711121082305908 0.3647470474243164 0.410510778427124
 0.1549198627471924 0.1259419918060303 0.2070460319519043 0.2183279991149902 0.2435200214385986 0.3125197887420654 0.3462560176849365 0.3497071266174316 0.3496370315551758 0.4473860263824463
 0.1946079730987549 0.1298410892486572 0.1919100284576416 0.2445719242095947 0.2157108783721924 0.2913830280303955 0.3069391250610352 0.3447141647338867 0.3768410682678223 0.4252550601959229
 0.1582739353179932 0.1319050788879395 0.2233390808105469 0.2388169765472412 0.2344601154327393 0.26413893699646 0.3016600608825684 0.3675191402435303 0.33148193359375 0.3699140548706055
 0.1742520332336426 0.1951689720153809 0.1745729446411133 0.2311477661132812 0.2427680492401123 0.2532670497894287 0.3120241165161133 0.301577091217041 0.3835990428924561 0.3899939060211182
 0.1607508659362793 0.1724820137023926 0.1917359828948975 0.2428398132324219 0.2704830169677734 0.2525660991668701 0.3335301876068115 0.3238270282745361 0.3879201412200928 0.3888778686523438
 0.1314899921417236 0.1810431480407715 0.1731448173522949 0.2295420169830322 0.2915220260620117 0.2796227931976318 0.3282160758972168 0.3084578514099121 0.3863708972930908 0.4224779605865479
 0.1037390232086182 0.1625080108642578 0.1667530536651611 0.2085521221160889 0.2733469009399414 0.2696139812469482 0.3308680057525635 0.3218669891357422 0.3942790031433105 0.4122190475463867
 0.1306841373443604 0.1665668487548828 0.1713018417358398 0.199599027633667 0.2565510272979736 0.2490189075469971 0.327739953994751 0.343217134475708 0.3512730598449707 0.4237580299377441
 0.1004528999328613 0.2037920951843262 0.1622138023376465 0.2126610279083252 0.2704310417175293 0.3018620014190674 0.3027238845825195 0.3717091083526611 0.37630295753479 0.410952091217041
 0.09499406814575195 0.2142400741577148 0.1634190082550049 0.2185170650482178 0.2696099281311035 0.3089940547943115 0.3011000156402588 0.3637239933013916 0.3668849468231201 0.354809045791626
 0.09758210182189941 0.1819169521331787 0.1619629859924316 0.2074708938598633 0.241034984588623 0.283329963684082 0.2980251312255859 0.3588030338287354 0.3745908737182617 0.4110581874847412
 0.1630752086639404 0.1650259494781494 0.2160601615905762 0.238976001739502 0.2359659671783447 0.2950279712677002 0.3030760288238525 0.3459291458129883 0.3904309272766113 0.4115431308746338
 0.1233110427856445 0.1203689575195312 0.2168810367584229 0.2279460430145264 0.23415207862854 0.2933440208435059 0.2776999473571777 0.3206689357757568 0.3877501487731934 0.3948159217834473
 0.1471991539001465 0.1336429119110107 0.2092559337615967 0.1814689636230469 0.2351398468017578 0.2992939949035645 0.2914438247680664 0.339202880859375 0.3863937854766846 0.3674850463867188
 0.1132669448852539 0.1527500152587891 0.2149970531463623 0.2108860015869141 0.2275440692901611 0.3024458885192871 0.3331339359283447 0.3594889640808105 0.4281179904937744 0.4681880474090576
 0.1246101856231689 0.151202917098999 0.2126820087432861 0.2292270660400391 0.2778120040893555 0.2700939178466797 0.3203670978546143 0.3732922077178955 0.3224489688873291 0.3890178203582764
 0.1067488193511963 0.1573159694671631 0.2279760837554932 0.305433988571167 0.2659599781036377 0.2748730182647705 0.3261559009552002 0.3703210353851318 0.3635361194610596 0.4429590702056885
 0.1406979560852051 0.134476900100708 0.2002949714660645 0.248356819152832 0.2666089534759521 0.2762339115142822 0.3237190246582031 0.3515610694885254 0.3414080142974854 0.3650319576263428
 0.1310701370239258 0.1482698917388916 0.155846118927002 0.2297630310058594 0.3110899925231934 0.2646620273590088 0.2737867832183838 0.3718099594116211 0.3372411727905273 0.4073240756988525
 0.1470341682434082 0.1557872295379639 0.1600761413574219 0.2324190139770508 0.2520630359649658 0.2599329948425293 0.2828378677368164 0.3422341346740723 0.3568689823150635 0.3852770328521729
 0.1698219776153564 0.1346080303192139 0.1743650436401367 0.2133688926696777 0.2897219657897949 0.3323688507080078 0.2868390083312988 0.2999629974365234 0.3838791847229004 0.3797650337219238
 0.1630489826202393 0.1713299751281738 0.1773428916931152 0.2005360126495361 0.2557060718536377 0.3064541816711426 0.3366870880126953 0.3002409934997559 0.3900439739227295 0.4011340141296387
 0.1478159427642822 0.1630771160125732 0.2022650241851807 0.2023439407348633 0.2165839672088623 0.2443170547485352 0.3403999805450439 0.3597478866577148 0.4185628890991211 0.4231212139129639
 0.1391470432281494 0.1585688591003418 0.1674261093139648 0.2492349147796631 0.2346630096435547 0.2997658252716064 0.3215718269348145 0.3804049491882324 0.4030799865722656 0.4061820507049561
 0.1676080226898193 0.1841840744018555 0.1649301052093506 0.2591629028320312 0.2265360355377197 0.2953639030456543 0.3110179901123047 0.4010899066925049 0.3664960861206055 0.4184260368347168
 0.1573519706726074 0.1943528652191162 0.1765120029449463 0.2281699180603027 0.2446930408477783 0.3035328388214111 0.3047120571136475 0.3528270721435547 0.3380780220031738 0.4271190166473389
 0.154857873916626 0.1969540119171143 0.2273719310760498 0.2304592132568359 0.211230993270874 0.2630989551544189 0.3365950584411621 0.3345620632171631 0.3684999942779541 0.4084329605102539
 0.1563100814819336 0.1947700977325439 0.2196099758148193 0.2750048637390137 0.2314338684082031 0.242560863494873 0.3424689769744873 0.3583409786224365 0.3759739398956299 0.3761172294616699
 0.17140793800354 0.1893069744110107 0.1894810199737549 0.259026050567627 0.2765660285949707 0.322796106338501 0.3146111965179443 0.344855785369873 0.3236010074615479 0.4140760898590088
 0.1148979663848877 0.2092490196228027 0.1851780414581299 0.2768349647521973 0.2615458965301514 0.3137638568878174 0.3261468410491943 0.3029510974884033 0.4056599140167236 0.4300899505615234
 0.1173169612884521 0.1473259925842285 0.2142400741577148 0.2556989192962646 0.2871801853179932 0.2800180912017822 0.2972269058227539 0.3315107822418213 0.3796060085296631 0.4148588180541992
 0.115015983581543 0.1174800395965576 0.2284669876098633 0.2549951076507568 0.2715489864349365 0.2868928909301758 0.3581149578094482 0.3801109790802002 0.3474960327148438 0.4000241756439209
 0.0790400505065918 0.1531109809875488 0.2016730308532715 0.2043359279632568 0.2820949554443359 0.2969541549682617 0.3272221088409424 0.3273630142211914 0.35086989402771 0.3557858467102051
 0.1149711608886719 0.1171309947967529 0.2085020542144775 0.2019951343536377 0.2766120433807373 0.2874319553375244 0.3186841011047363 0.3366208076477051 0.390031099319458 0.3883838653564453
 0.1166541576385498 0.1368222236633301 0.1738970279693604 0.1884889602661133 0.2609081268310547 0.2813351154327393 0.3171069622039795 0.358881950378418 0.3864560127258301 0.3966038227081299
