# Created by Octave 3.8.1, Fri Apr 29 14:23:21 2016 PDT <lucas@drum>
# name: dt
# type: matrix
# rows: 500
# columns: 10
 0.05108213424682617 0.04547715187072754 0.04959702491760254 0.04862403869628906 0.06108212471008301 0.06216096878051758 0.07912588119506836 0.07987093925476074 0.1191170215606689 0.1176838874816895
 0.04433417320251465 0.04448103904724121 0.04875993728637695 0.04859209060668945 0.06023716926574707 0.06141090393066406 0.07919597625732422 0.07935380935668945 0.1155819892883301 0.1183011531829834
 0.04366397857666016 0.04529595375061035 0.04829096794128418 0.04871487617492676 0.06008791923522949 0.0613560676574707 0.0797882080078125 0.07897114753723145 0.1144149303436279 0.11592698097229
 0.04494500160217285 0.04492497444152832 0.05113983154296875 0.04858589172363281 0.06002187728881836 0.06154108047485352 0.07801985740661621 0.0906980037689209 0.1358518600463867 0.1209681034088135
 0.04358100891113281 0.04487991333007812 0.04827404022216797 0.04886102676391602 0.06091094017028809 0.06098508834838867 0.07879304885864258 0.0800480842590332 0.1478950977325439 0.1141109466552734
 0.04406404495239258 0.04489398002624512 0.04773092269897461 0.04833102226257324 0.0602879524230957 0.0643470287322998 0.07948994636535645 0.08004593849182129 0.1136691570281982 0.113490104675293
 0.04370498657226562 0.04964995384216309 0.04757499694824219 0.05144405364990234 0.06056785583496094 0.06123089790344238 0.0785529613494873 0.0794069766998291 0.1147089004516602 0.1124939918518066
 0.04338288307189941 0.04771900177001953 0.04627394676208496 0.04821300506591797 0.06049513816833496 0.06174492835998535 0.0789790153503418 0.0800938606262207 0.1142029762268066 0.1122391223907471
 0.04459500312805176 0.04616189002990723 0.04724311828613281 0.0484929084777832 0.06103110313415527 0.06182408332824707 0.0779111385345459 0.07942485809326172 0.1191830635070801 0.1118369102478027
 0.04454612731933594 0.04537796974182129 0.04706883430480957 0.04851889610290527 0.0607609748840332 0.06169509887695312 0.07783317565917969 0.07915902137756348 0.1149439811706543 0.1155128479003906
 0.04370594024658203 0.04461193084716797 0.04697394371032715 0.04874992370605469 0.06047797203063965 0.06189084053039551 0.07848286628723145 0.09527301788330078 0.1150360107421875 0.1152470111846924
 0.04323101043701172 0.04510498046875 0.04759716987609863 0.04869294166564941 0.06109213829040527 0.06189107894897461 0.08729791641235352 0.1044070720672607 0.1145789623260498 0.1170871257781982
 0.04342818260192871 0.04474687576293945 0.04752397537231445 0.05602812767028809 0.06093192100524902 0.06261777877807617 0.07840919494628906 0.0798189640045166 0.1138930320739746 0.1149280071258545
 0.04340720176696777 0.04505109786987305 0.04722690582275391 0.05062079429626465 0.06093406677246094 0.06277990341186523 0.07851696014404297 0.07965683937072754 0.1138949394226074 0.1148600578308105
 0.04321408271789551 0.04589509963989258 0.0483851432800293 0.04898500442504883 0.05999898910522461 0.06174707412719727 0.07733893394470215 0.08043098449707031 0.1147749423980713 0.1159811019897461
 0.04400205612182617 0.04485392570495605 0.04956316947937012 0.04938602447509766 0.05997300148010254 0.06392192840576172 0.07937097549438477 0.07828617095947266 0.1148459911346436 0.1158678531646729
 0.04359602928161621 0.04451823234558105 0.04685401916503906 0.04868793487548828 0.06023192405700684 0.06115007400512695 0.07865715026855469 0.07794189453125 0.1184329986572266 0.1347529888153076
 0.04428291320800781 0.04506206512451172 0.0473778247833252 0.04804110527038574 0.06057000160217285 0.06106209754943848 0.08261799812316895 0.07851815223693848 0.1188027858734131 0.1232328414916992
 0.04387807846069336 0.04519486427307129 0.04663801193237305 0.04747986793518066 0.06046295166015625 0.06056594848632812 0.08102011680603027 0.07848811149597168 0.1128790378570557 0.1167337894439697
 0.04394412040710449 0.04441094398498535 0.0462641716003418 0.04792690277099609 0.05965113639831543 0.06101107597351074 0.08144307136535645 0.07885384559631348 0.1127409934997559 0.1152660846710205
 0.04443788528442383 0.04431700706481934 0.05385804176330566 0.04830193519592285 0.0609290599822998 0.06171107292175293 0.07857608795166016 0.07963395118713379 0.1108789443969727 0.1180379390716553
 0.04319405555725098 0.04417181015014648 0.04857897758483887 0.04929900169372559 0.06020402908325195 0.06176590919494629 0.07839179039001465 0.07917594909667969 0.1118819713592529 0.115570068359375
 0.05152392387390137 0.04463696479797363 0.04784011840820312 0.04966497421264648 0.06038713455200195 0.06110596656799316 0.07876420021057129 0.07965898513793945 0.1115021705627441 0.1187949180603027
 0.04680490493774414 0.04474902153015137 0.04735684394836426 0.04825377464294434 0.06008505821228027 0.06161093711853027 0.07868814468383789 0.07791709899902344 0.1116578578948975 0.1163060665130615
 0.04526209831237793 0.04466509819030762 0.04667401313781738 0.0489799976348877 0.06090879440307617 0.06176900863647461 0.07897210121154785 0.08062601089477539 0.1135740280151367 0.1146409511566162
 0.04522705078125 0.04497599601745605 0.04620695114135742 0.04847407341003418 0.06077003479003906 0.06171298027038574 0.07824110984802246 0.07901692390441895 0.1139531135559082 0.1219630241394043
 0.0465400218963623 0.05033683776855469 0.04713988304138184 0.04804897308349609 0.06002211570739746 0.06905603408813477 0.09333992004394531 0.0801239013671875 0.1139500141143799 0.1157829761505127
 0.04499197006225586 0.04946208000183105 0.04628109931945801 0.04825782775878906 0.06654906272888184 0.06273198127746582 0.08106517791748047 0.07923102378845215 0.1139740943908691 0.1160709857940674
 0.04581308364868164 0.04546904563903809 0.04805493354797363 0.04799318313598633 0.06081199645996094 0.06542086601257324 0.07848501205444336 0.08181190490722656 0.1126680374145508 0.1333370208740234
 0.04396200180053711 0.04558205604553223 0.04598283767700195 0.04731011390686035 0.06213593482971191 0.06175899505615234 0.0794370174407959 0.08015894889831543 0.1146559715270996 0.1136448383331299
 0.04386687278747559 0.04499387741088867 0.04662203788757324 0.0479118824005127 0.06199502944946289 0.06194901466369629 0.07916998863220215 0.07886791229248047 0.1145119667053223 0.1144230365753174
 0.04396891593933105 0.04526114463806152 0.04752588272094727 0.04914116859436035 0.06202101707458496 0.06155896186828613 0.07793498039245605 0.07911896705627441 0.1135900020599365 0.1124129295349121
 0.04423093795776367 0.04473400115966797 0.04708504676818848 0.05018115043640137 0.06273293495178223 0.06184601783752441 0.07824897766113281 0.07933306694030762 0.1329870223999023 0.113224983215332
 0.04422879219055176 0.04777407646179199 0.04652905464172363 0.04806995391845703 0.06089687347412109 0.06152987480163574 0.07732701301574707 0.07887101173400879 0.115851879119873 0.11226487159729
 0.0441739559173584 0.04469609260559082 0.04697394371032715 0.04805707931518555 0.0607140064239502 0.06148099899291992 0.07794785499572754 0.07968401908874512 0.1175429821014404 0.1119539737701416
 0.04310202598571777 0.04474306106567383 0.04747700691223145 0.04924511909484863 0.0603330135345459 0.06203794479370117 0.0771329402923584 0.08041000366210938 0.1153709888458252 0.1139061450958252
 0.04353713989257812 0.04484081268310547 0.04765796661376953 0.04879903793334961 0.06048011779785156 0.06147909164428711 0.07779812812805176 0.07989692687988281 0.118311882019043 0.1160359382629395
 0.04367685317993164 0.04531598091125488 0.04695296287536621 0.04837584495544434 0.06061506271362305 0.06344389915466309 0.07838988304138184 0.08008098602294922 0.1147069931030273 0.1180160045623779
 0.0442039966583252 0.04480910301208496 0.04686498641967773 0.04781794548034668 0.06085610389709473 0.06221413612365723 0.07878708839416504 0.07955193519592285 0.1142270565032959 0.1149768829345703
