# Created by Octave 3.8.1, Wed Jul 06 13:51:42 2016 PDT <lucas@drum>
# name: data
# type: matrix
# rows: 102
# columns: 5
 1 2 3 4 5
 0.2 0.2 0.2 0.2 0.2
 0.1904230117797852 0.2882099151611328 0.4169590473175049 0.4659860134124756 0.5871920585632324
 0.2200980186462402 0.2815930843353271 0.4171669483184814 0.4889731407165527 0.6391160488128662
 0.2154300212860107 0.3191759586334229 0.4173219203948975 0.4877119064331055 0.608712911605835
 0.2416720390319824 0.3347890377044678 0.3663818836212158 0.5197949409484863 0.5686030387878418
 0.2230029106140137 0.314439058303833 0.3812270164489746 0.5143799781799316 0.5835340023040771
 0.2172501087188721 0.3209009170532227 0.3831789493560791 0.5327680110931396 0.6407411098480225
 0.2212369441986084 0.3040940761566162 0.3746099472045898 0.4780490398406982 0.6115460395812988
 0.1723678112030029 0.3073511123657227 0.3936998844146729 0.4740588665008545 0.5614898204803467
 0.1988098621368408 0.2581279277801514 0.4255061149597168 0.4588780403137207 0.6302590370178223
 0.1828229427337646 0.2970039844512939 0.418489933013916 0.5064361095428467 0.5867650508880615
 0.171281099319458 0.2860348224639893 0.4134340286254883 0.5174121856689453 0.6432898044586182
 0.1829960346221924 0.2721021175384521 0.3763198852539062 0.5199019908905029 0.6123678684234619
 0.1976799964904785 0.3143930435180664 0.3789160251617432 0.5086050033569336 0.5714480876922607
 0.1921389102935791 0.3106749057769775 0.4297881126403809 0.480443000793457 0.5684359073638916
 0.1796169281005859 0.3069009780883789 0.3819580078125 0.4663920402526855 0.5915498733520508
 0.1851129531860352 0.3180689811706543 0.4271490573883057 0.477855920791626 0.6100811958312988
 0.2157130241394043 0.3475518226623535 0.4059021472930908 0.550771951675415 0.574908971786499
 0.2573330402374268 0.2678000926971436 0.360774040222168 0.5299708843231201 0.6006021499633789
 0.231220006942749 0.3021078109741211 0.4082877635955811 0.486098051071167 0.5896849632263184
 0.1993348598480225 0.2857940196990967 0.4358899593353271 0.4900810718536377 0.6189830303192139
 0.2233808040618896 0.2693860530853271 0.3508799076080322 0.4895780086517334 0.5811448097229004
 0.2112679481506348 0.2849690914154053 0.3741159439086914 0.4900891780853271 0.5854549407958984
 0.2229850292205811 0.320127010345459 0.4230661392211914 0.5260698795318604 0.6048340797424316
 0.1992039680480957 0.305203914642334 0.4177541732788086 0.5191218852996826 0.5839269161224365
 0.1997909545898438 0.292133092880249 0.3919680118560791 0.4642360210418701 0.6176249980926514
 0.2128641605377197 0.3120269775390625 0.4220941066741943 0.510883092880249 0.597445011138916
 0.1858029365539551 0.3341860771179199 0.3621671199798584 0.5084800720214844 0.6086859703063965
 0.2461411952972412 0.2542860507965088 0.3828010559082031 0.4753367900848389 0.578779935836792
 0.2026479244232178 0.2929449081420898 0.3976011276245117 0.4927229881286621 0.6300110816955566
 0.1733989715576172 0.2943260669708252 0.4061911106109619 0.506187915802002 0.6059808731079102
 0.2394559383392334 0.2898941040039062 0.4293558597564697 0.5405049324035645 0.5930259227752686
 0.222944974899292 0.2489209175109863 0.4236581325531006 0.466019868850708 0.6136128902435303
 0.2712340354919434 0.3093631267547607 0.4150738716125488 0.4924061298370361 0.5945019721984863
 0.2823169231414795 0.3118059635162354 0.4186360836029053 0.5172228813171387 0.6087088584899902
 0.2407011985778809 0.3358781337738037 0.3830831050872803 0.5158021450042725 0.5747089385986328
 0.2101790904998779 0.3092069625854492 0.4177448749542236 0.5072929859161377 0.6380300521850586
 0.1658079624176025 0.3020279407501221 0.3758640289306641 0.4688029289245605 0.6309678554534912
 0.1771719455718994 0.3320050239562988 0.4196798801422119 0.4700820446014404 0.5812909603118896
 0.1836631298065186 0.2978839874267578 0.4207639694213867 0.4889900684356689 0.5837769508361816
 0.1745829582214355 0.2839930057525635 0.416391134262085 0.5126688480377197 0.624528169631958
 0.2014391422271729 0.2609450817108154 0.4249520301818848 0.5153529644012451 0.6206669807434082
 0.1669380664825439 0.3351938724517822 0.3617100715637207 0.5123631954193115 0.6209099292755127
 0.1784279346466064 0.3495948314666748 0.36568284034729 0.5133130550384521 0.5920989513397217
 0.1895248889923096 0.3200850486755371 0.3955850601196289 0.4789130687713623 0.5917811393737793
 0.2157139778137207 0.3091690540313721 0.4258909225463867 0.464771032333374 0.614595890045166
 0.2107470035552979 0.350416898727417 0.408890962600708 0.4774620532989502 0.6153049468994141
 0.2289459705352783 0.2636678218841553 0.450232982635498 0.5043249130249023 0.6134269237518311
 0.2469708919525146 0.2612550258636475 0.4074671268463135 0.4788188934326172 0.5782358646392822
 0.1920859813690186 0.291111946105957 0.3932139873504639 0.4716849327087402 0.6117370128631592
 0.2343199253082275 0.2701289653778076 0.4054050445556641 0.4876317977905273 0.5944480895996094
 0.2061741352081299 0.2760820388793945 0.3710510730743408 0.5111000537872314 0.6052680015563965
 0.1848850250244141 0.2730159759521484 0.392596960067749 0.5017600059509277 0.5978951454162598
 0.1667599678039551 0.3183989524841309 0.4278719425201416 0.571796178817749 0.576106071472168
 0.2119181156158447 0.3346810340881348 0.4275360107421875 0.4793839454650879 0.5597710609436035
 0.1938240528106689 0.337169885635376 0.4185681343078613 0.4941678047180176 0.5747671127319336
 0.2121469974517822 0.2800800800323486 0.4269769191741943 0.5294318199157715 0.6009619235992432
 0.167686939239502 0.2768058776855469 0.3808848857879639 0.4998588562011719 0.627504825592041
 0.1941008567810059 0.2847750186920166 0.4049289226531982 0.473160982131958 0.5650181770324707
 0.1758308410644531 0.2825469970703125 0.4127211570739746 0.521528959274292 0.5713448524475098
 0.2156901359558105 0.3046889305114746 0.4163479804992676 0.503032922744751 0.5765011310577393
 0.2183709144592285 0.27071213722229 0.407872200012207 0.47377610206604 0.6377730369567871
 0.2161269187927246 0.2961668968200684 0.3619718551635742 0.4931299686431885 0.5617449283599854
 0.2138581275939941 0.3283669948577881 0.4280040264129639 0.4862370491027832 0.5970659255981445
 0.2292211055755615 0.3175182342529297 0.3707079887390137 0.519758939743042 0.5701320171356201
 0.2193930149078369 0.3178608417510986 0.3872292041778564 0.4992380142211914 0.5673229694366455
 0.2445380687713623 0.3202528953552246 0.4069101810455322 0.5008370876312256 0.6199917793273926
 0.163006067276001 0.3312168121337891 0.4071791172027588 0.4844429492950439 0.6032800674438477
 0.1852500438690186 0.2833099365234375 0.3929500579833984 0.5001800060272217 0.5683350563049316
 0.1703009605407715 0.2925899028778076 0.4084868431091309 0.4835460186004639 0.5901229381561279
 0.1737618446350098 0.2695848941802979 0.4176309108734131 0.4752578735351562 0.5689718723297119
 0.1912648677825928 0.2968301773071289 0.3670339584350586 0.508465051651001 0.6387729644775391
 0.2151648998260498 0.3190240859985352 0.4001281261444092 0.5041289329528809 0.6012899875640869
 0.2005290985107422 0.3309009075164795 0.3666360378265381 0.4716730117797852 0.5727438926696777
 0.16994309425354 0.3320791721343994 0.3500821590423584 0.4917581081390381 0.604517936706543
 0.229205846786499 0.3229410648345947 0.3641648292541504 0.4883511066436768 0.5674641132354736
 0.2197840213775635 0.3765158653259277 0.4275708198547363 0.5141301155090332 0.6099698543548584
 0.2168200016021729 0.3156092166900635 0.4243059158325195 0.5032768249511719 0.606997013092041
 0.2415909767150879 0.2477831840515137 0.402921199798584 0.5280599594116211 0.5654129981994629
 0.210662841796875 0.2549529075622559 0.430077075958252 0.5271308422088623 0.5769121646881104
 0.2187821865081787 0.3156561851501465 0.3997159004211426 0.4781990051269531 0.6006619930267334
 0.2167749404907227 0.2724177837371826 0.3879938125610352 0.4704158306121826 0.6006259918212891
 0.2002298831939697 0.3299691677093506 0.4002900123596191 0.4834601879119873 0.6150400638580322
