# Created by Octave 3.8.1, Mon Jul 11 00:21:31 2016 PDT <lucas@hellyeah>
# name: data
# type: matrix
# rows: 1002
# columns: 4
 0 1 2 3
 0.75 0.1875 0.046875 0.015625
 0.08476805686950684 0.1006350517272949 0.1691451072692871 0.2064101696014404
 0.0738990306854248 0.1213130950927734 0.1603310108184814 0.203639030456543
 0.06299209594726562 0.1218612194061279 0.1622838973999023 0.2065389156341553
 0.08266305923461914 0.1234049797058105 0.1639530658721924 0.2007169723510742
 0.07752299308776855 0.1227338314056396 0.1680619716644287 0.197227954864502
 0.08176517486572266 0.1228439807891846 0.1645450592041016 0.2056159973144531
 0.06889104843139648 0.1151678562164307 0.1660380363464355 0.2009291648864746
 0.06129908561706543 0.1236679553985596 0.1662569046020508 0.2044999599456787
 0.05781412124633789 0.1256599426269531 0.1631700992584229 0.2073850631713867
 0.05872416496276855 0.1209299564361572 0.1641130447387695 0.2083740234375
 0.0620419979095459 0.1077229976654053 0.1613860130310059 0.2076489925384521
 0.05474400520324707 0.1236250400543213 0.1584389209747314 0.2036900520324707
 0.05525708198547363 0.1259660720825195 0.1655001640319824 0.2045650482177734
 0.07956790924072266 0.1260499954223633 0.1615910530090332 0.2026431560516357
 0.0723271369934082 0.123258113861084 0.1645438671112061 0.208608865737915
 0.06682610511779785 0.1151549816131592 0.1619870662689209 0.2040050029754639
 0.0567939281463623 0.1247761249542236 0.1636810302734375 0.2032299041748047
 0.05280804634094238 0.1231179237365723 0.165186882019043 0.2005879878997803
 0.08199286460876465 0.1242280006408691 0.1651210784912109 0.204571008682251
 0.07179808616638184 0.1243441104888916 0.1673209667205811 0.2062599658966064
 0.06119298934936523 0.1224780082702637 0.1652920246124268 0.2021598815917969
 0.07045292854309082 0.123405933380127 0.1642961502075195 0.2033169269561768
 0.06459808349609375 0.1214661598205566 0.1621570587158203 0.2033710479736328
 0.06418991088867188 0.119232177734375 0.1658740043640137 0.2037169933319092
 0.05461788177490234 0.1227290630340576 0.1635050773620605 0.2033460140228271
 0.05161285400390625 0.1254239082336426 0.1615421772003174 0.2088000774383545
 0.05415678024291992 0.1229290962219238 0.1632289886474609 0.2039551734924316
 0.06946992874145508 0.1232678890228271 0.1640870571136475 0.2040131092071533
 0.08402299880981445 0.1220090389251709 0.1655819416046143 0.2023320198059082
 0.06853294372558594 0.1235160827636719 0.1573028564453125 0.2015430927276611
 0.05911087989807129 0.1248359680175781 0.1646518707275391 0.2061729431152344
 0.06341195106506348 0.1243889331817627 0.1668951511383057 0.2069969177246094
 0.05433297157287598 0.125622034072876 0.1675779819488525 0.2039439678192139
 0.05647397041320801 0.1278789043426514 0.1634140014648438 0.2036972045898438
 0.05437016487121582 0.1240811347961426 0.1630439758300781 0.2064759731292725
 0.05543112754821777 0.1224250793457031 0.166301965713501 0.2005767822265625
 0.08246397972106934 0.1252968311309814 0.1613860130310059 0.2079460620880127
 0.08330202102661133 0.1254069805145264 0.1637039184570312 0.2072200775146484
 0.08344197273254395 0.1224679946899414 0.1674089431762695 0.2023658752441406
 0.08316993713378906 0.1260571479797363 0.1664330959320068 0.2056319713592529
 0.0687110424041748 0.125230073928833 0.1666519641876221 0.2081820964813232
 0.05998802185058594 0.1225008964538574 0.1575081348419189 0.2034969329833984
 0.0813908576965332 0.1276681423187256 0.176738977432251 0.209867000579834
 0.07276201248168945 0.1261169910430908 0.1628639698028564 0.2019710540771484
 0.06342506408691406 0.1237039566040039 0.1650660037994385 0.2065680027008057
 0.05816984176635742 0.1246929168701172 0.1651930809020996 0.2045910358428955
 0.05747389793395996 0.1279458999633789 0.1668159961700439 0.2070550918579102
 0.0555720329284668 0.1257309913635254 0.1609270572662354 0.2056610584259033
 0.05463409423828125 0.1271541118621826 0.1635968685150146 0.2061030864715576
 0.05561709403991699 0.1253888607025146 0.161855936050415 0.2032389640808105
 0.07320809364318848 0.1256909370422363 0.1632230281829834 0.2042150497436523
 0.0663449764251709 0.121161937713623 0.1668009757995605 0.1980249881744385
 0.07255101203918457 0.1257748603820801 0.1678018569946289 0.2048559188842773
 0.06154394149780273 0.1228291988372803 0.1666581630706787 0.2102530002593994
 0.0547950267791748 0.1246049404144287 0.1661741733551025 0.2035620212554932
 0.08331418037414551 0.1238970756530762 0.1619741916656494 0.2031910419464111
 0.07450389862060547 0.125154972076416 0.1661980152130127 0.2225289344787598
 0.05885410308837891 0.1252920627593994 0.1633391380310059 0.2021958827972412
 0.05368208885192871 0.1273801326751709 0.1631240844726562 0.2032740116119385
 0.05290579795837402 0.1262581348419189 0.1619939804077148 0.2062489986419678
 0.07915806770324707 0.1265161037445068 0.1663119792938232 0.2023799419403076
 0.06639790534973145 0.1248021125793457 0.1630458831787109 0.204272985458374
 0.09196805953979492 0.1225109100341797 0.1628649234771729 0.2048730850219727
 0.08556604385375977 0.1230449676513672 0.1637909412384033 0.2018229961395264
 0.07370305061340332 0.1228148937225342 0.166701078414917 0.2015159130096436
 0.0641331672668457 0.1221129894256592 0.1640129089355469 0.2045168876647949
 0.06159400939941406 0.1218419075012207 0.1674139499664307 0.2031760215759277
 0.05652904510498047 0.1227610111236572 0.1625411510467529 0.201772928237915
 0.05401086807250977 0.1268360614776611 0.1616339683532715 0.2070140838623047
 0.05429720878601074 0.1269009113311768 0.1648480892181396 0.204603910446167
 0.05434703826904297 0.1242311000823975 0.1657750606536865 0.2012519836425781
 0.05579304695129395 0.12335205078125 0.1639511585235596 0.2050631046295166
 0.07101607322692871 0.118908166885376 0.1833178997039795 0.2045228481292725
 0.06427693367004395 0.1258318424224854 0.1564600467681885 0.2041308879852295
 0.07076597213745117 0.1273970603942871 0.162545919418335 0.2028369903564453
 0.08394312858581543 0.1237940788269043 0.1639029979705811 0.2063829898834229
 0.0708620548248291 0.1238400936126709 0.1709220409393311 0.2099449634552002
 0.06236004829406738 0.1227450370788574 0.1630861759185791 0.2066879272460938
 0.05923914909362793 0.1233451366424561 0.1651561260223389 0.2048089504241943
 0.0719759464263916 0.1236441135406494 0.1652200222015381 0.2030630111694336
 0.05875515937805176 0.1257319450378418 0.1674652099609375 0.2062339782714844
 0.0538790225982666 0.1253387928009033 0.163722038269043 0.2044789791107178
 0.05739903450012207 0.1221578121185303 0.167011022567749 0.2028989791870117
 0.05239701271057129 0.1226179599761963 0.1645140647888184 0.204312801361084
 0.05519294738769531 0.1221599578857422 0.1654689311981201 0.205906867980957
 0.08070111274719238 0.1241219043731689 0.1658401489257812 0.2043380737304688
 0.08597493171691895 0.1241800785064697 0.1614749431610107 0.2065560817718506
 0.07123613357543945 0.1228148937225342 0.1642940044403076 0.206341028213501
 0.06271481513977051 0.1224088668823242 0.1623430252075195 0.2045788764953613
 0.05938887596130371 0.1234970092773438 0.1631190776824951 0.2019979953765869
 0.08039402961730957 0.12434983253479 0.1630280017852783 0.2030379772186279
 0.06944084167480469 0.1217670440673828 0.1661858558654785 0.205193042755127
 0.05940008163452148 0.1235179901123047 0.1636278629302979 0.2024881839752197
 0.08068203926086426 0.1229619979858398 0.1622910499572754 0.2035877704620361
 0.07286405563354492 0.1247940063476562 0.1615710258483887 0.2061879634857178
 0.05814003944396973 0.1239650249481201 0.1621270179748535 0.2092180252075195
 0.07752299308776855 0.1243770122528076 0.1651828289031982 0.1940648555755615
 0.06105303764343262 0.1236040592193604 0.1582608222961426 0.2062540054321289
 0.0789639949798584 0.1255810260772705 0.164243221282959 0.2008681297302246
 0.08106207847595215 0.1239891052246094 0.1664109230041504 0.2029578685760498
 0.07064104080200195 0.1252169609069824 0.1641120910644531 0.2062711715698242
